%YAML:1.0

imu0:
  T_i_b:
    - [1.0, 0.0, 0.0, 0.0]
    - [0.0, 1.0, 0.0, 0.0]
    - [0.0, 0.0, 1.0, 0.0]
    - [0.0, 0.0, 0.0, 1.0]
  accelerometer_noise_density: 0.01
  accelerometer_random_walk: 0.0002
  gyroscope_noise_density: 0.005
  gyroscope_random_walk: 4.0e-05
  rostopic: /imu
  time_offset: 0.0
  update_rate: 200.0
  model: "kalibr"
  Tw:
    - [1.0, 0.0, 0.0]
    - [0.0, 1.0, 0.0]
    - [0.0, 0.0, 1.0]
  R_IMUtoGYRO:
    - [1.0, 0.0, 0.0]
    - [0.0, 1.0, 0.0]
    - [0.0, 0.0, 1.0]
  Ta:
    - [1.0, 0.0, 0.0]
    - [0.0, 1.0, 0.0]
    - [0.0, 0.0, 1.0]
  R_IMUtoACC:
    - [1.0, 0.0, 0.0]
    - [0.0, 1.0, 0.0]
    - [0.0, 0.0, 1.0]
  Tg:
    - [0.0, 0.0, 0.0]
    - [0.0, 0.0, 0.0]
    - [0.0, 0.0, 0.0]
